3,2
3,1
3,3
10,28
10,287
10,286
10,139
10,137
10,200
10,170
10,242
11,22
9,5
8,8
8,12
8,7
8,15
2,2
2,1
2,3
348,5
348,4
348,3
348,1
333,9
333,7
333,6
333,5
333,4
333,3
333,2
333,1
333,0
331,3
331,1
328,3
328,1
327,3
327,1
324,3
324,1
323,3
323,1
319,3
319,1
315,3
315,2
315,1
312,3
312,1
310,4
310,3
310,1
282,3
282,1
20,3
20,2
20,1
19,3
19,2
19,1
18,3
18,1
17,3
17,2
17,1
16,3
16,2
16,1
15,3
15,2
15,1
14,3
14,2
14,1
13,3
13,2
13,1
12,3
12,2
12,1
11,30
11,29
11,28
11,27
11,26
11,25
11,24
11,23
11,21
11,20
11,19
11,18
11,17
11,16
11,15
11,14
11,13
11,12
11,11
11,10
11,9
11,8
11,7
11,6
11,5
11,1
11,4
11,3
11,2
10,311
10,160
10,114
10,1
10,66
10,3
10,2
